      701624.00       702185.00       702746.00       703307.00       703868.00       704429.00       704990.00       705551.00       706112.00       706673.00       707234.00       707795.00 
      708356.00       708917.00       709478.00       710039.00       710600.00       711161.00       711722.00       712283.00       712844.00       713405.00       713966.00       714527.00 
      715088.00       715649.00       716210.00       716771.00       717332.00       717893.00       718454.00       719015.00       719576.00       720137.00       720698.00       721259.00 
      721820.00       722381.00       722942.00       723503.00       724064.00       724625.00       725186.00       725747.00       726308.00       726869.00       727430.00       727991.00 
      728552.00       729113.00       729674.00       730235.00       730796.00       731357.00       731918.00       732479.00      1769768.00      1771485.00      1773202.00      1774919.00 
     1776636.00      1778353.00      1780070.00      1781787.00      1783504.00      1785221.00      1786938.00      1788655.00      1790372.00      1792089.00      1793806.00      1795523.00 
     1797240.00      1798957.00      1800674.00      1802391.00      1804108.00      1805825.00      1807542.00      1809259.00      1810976.00      1812693.00      1814410.00      1816127.00 
     1817844.00      1819561.00      1821278.00      1822995.00      1824712.00      1826429.00      1828146.00      1829863.00      1831580.00      1833297.00      1835014.00      1836731.00 
     1838448.00      1840165.00      1841882.00      1843599.00      1845316.00      1847033.00      1848750.00      1850467.00      1852184.00      1853901.00      1855618.00      1857335.00 
     1859052.00      1860769.00      1862486.00      1864203.00      2837912.00      2840785.00      2843658.00      2846531.00      2849404.00      2852277.00      2855150.00      2858023.00 
     2860896.00      2863769.00      2866642.00      2869515.00      2872388.00      2875261.00      2878134.00      2881007.00      2883880.00      2886753.00      2889626.00      2892499.00 
     2895372.00      2898245.00      2901118.00      2903991.00      2906864.00      2909737.00      2912610.00      2915483.00      2918356.00      2921229.00      2924102.00      2926975.00 
     2929848.00      2932721.00      2935594.00      2938467.00      2941340.00      2944213.00      2947086.00      2949959.00      2952832.00      2955705.00      2958578.00      2961451.00 
     2964324.00      2967197.00      2970070.00      2972943.00      2975816.00      2978689.00      2981562.00      2984435.00      2987308.00      2990181.00      2993054.00      2995927.00 
     3906056.00      3910085.00      3914114.00      3918143.00      3922172.00      3926201.00      3930230.00      3934259.00      3938288.00      3942317.00      3946346.00      3950375.00 
     3954404.00      3958433.00      3962462.00      3966491.00      3970520.00      3974549.00      3978578.00      3982607.00      3986636.00      3990665.00      3994694.00      3998723.00 
     4002752.00      4006781.00      4010810.00      4014839.00      4018868.00      4022897.00      4026926.00      4030955.00      4034984.00      4039013.00      4043042.00      4047071.00 
     4051100.00      4055129.00      4059158.00      4063187.00      4067216.00      4071245.00      4075274.00      4079303.00      4083332.00      4087361.00      4091390.00      4095419.00 
     4099448.00      4103477.00      4107506.00      4111535.00      4115564.00      4119593.00      4123622.00      4127651.00      4974200.00      4979385.00      4984570.00      4989755.00 
     4994940.00      5000125.00      5005310.00      5010495.00      5015680.00      5020865.00      5026050.00      5031235.00      5036420.00      5041605.00      5046790.00      5051975.00 
     5057160.00      5062345.00      5067530.00      5072715.00      5077900.00      5083085.00      5088270.00      5093455.00      5098640.00      5103825.00      5109010.00      5114195.00 
     5119380.00      5124565.00      5129750.00      5134935.00      5140120.00      5145305.00      5150490.00      5155675.00      5160860.00      5166045.00      5171230.00      5176415.00 
     5181600.00      5186785.00      5191970.00      5197155.00      5202340.00      5207525.00      5212710.00      5217895.00      5223080.00      5228265.00      5233450.00      5238635.00 
     5243820.00      5249005.00      5254190.00      5259375.00      6042344.00      6048685.00      6055026.00      6061367.00      6067708.00      6074049.00      6080390.00      6086731.00 
     6093072.00      6099413.00      6105754.00      6112095.00      6118436.00      6124777.00      6131118.00      6137459.00      6143800.00      6150141.00      6156482.00      6162823.00 
     6169164.00      6175505.00      6181846.00      6188187.00      6194528.00      6200869.00      6207210.00      6213551.00      6219892.00      6226233.00      6232574.00      6238915.00 
     6245256.00      6251597.00      6257938.00      6264279.00      6270620.00      6276961.00      6283302.00      6289643.00      6295984.00      6302325.00      6308666.00      6315007.00 
     6321348.00      6327689.00      6334030.00      6340371.00      6346712.00      6353053.00      6359394.00      6365735.00      6372076.00      6378417.00      6384758.00      6391099.00 
     7110488.00      7117985.00      7125482.00      7132979.00      7140476.00      7147973.00      7155470.00      7162967.00      7170464.00      7177961.00      7185458.00      7192955.00 
     7200452.00      7207949.00      7215446.00      7222943.00      7230440.00      7237937.00      7245434.00      7252931.00      7260428.00      7267925.00      7275422.00      7282919.00 
     7290416.00      7297913.00      7305410.00      7312907.00      7320404.00      7327901.00      7335398.00      7342895.00      7350392.00      7357889.00      7365386.00      7372883.00 
     7380380.00      7387877.00      7395374.00      7402871.00      7410368.00      7417865.00      7425362.00      7432859.00      7440356.00      7447853.00      7455350.00      7462847.00 
     7470344.00      7477841.00      7485338.00      7492835.00      7500332.00      7507829.00      7515326.00      7522823.00      8178632.00      8187285.00      8195938.00      8204591.00 
     8213244.00      8221897.00      8230550.00      8239203.00      8247856.00      8256509.00      8265162.00      8273815.00      8282468.00      8291121.00      8299774.00      8308427.00 
     8317080.00      8325733.00      8334386.00      8343039.00      8351692.00      8360345.00      8368998.00      8377651.00      8386304.00      8394957.00      8403610.00      8412263.00 
     8420916.00      8429569.00      8438222.00      8446875.00      8455528.00      8464181.00      8472834.00      8481487.00      8490140.00      8498793.00      8507446.00      8516099.00 
     8524752.00      8533405.00      8542058.00      8550711.00      8559364.00      8568017.00      8576670.00      8585323.00      8593976.00      8602629.00      8611282.00      8619935.00 
     8628588.00      8637241.00      8645894.00      8654547.00      9246776.00      9256585.00      9266394.00      9276203.00      9286012.00      9295821.00      9305630.00      9315439.00 
     9325248.00      9335057.00      9344866.00      9354675.00      9364484.00      9374293.00      9384102.00      9393911.00      9403720.00      9413529.00      9423338.00      9433147.00 
     9442956.00      9452765.00      9462574.00      9472383.00      9482192.00      9492001.00      9501810.00      9511619.00      9521428.00      9531237.00      9541046.00      9550855.00 
     9560664.00      9570473.00      9580282.00      9590091.00      9599900.00      9609709.00      9619518.00      9629327.00      9639136.00      9648945.00      9658754.00      9668563.00 
     9678372.00      9688181.00      9697990.00      9707799.00      9717608.00      9727417.00      9737226.00      9747035.00      9756844.00      9766653.00      9776462.00      9786271.00 
    10314920.00     10325885.00     10336850.00     10347815.00     10358780.00     10369745.00     10380710.00     10391675.00     10402640.00     10413605.00     10424570.00     10435535.00 
    10446500.00     10457465.00     10468430.00     10479395.00     10490360.00     10501325.00     10512290.00     10523255.00     10534220.00     10545185.00     10556150.00     10567115.00 
    10578080.00     10589045.00     10600010.00     10610975.00     10621940.00     10632905.00     10643870.00     10654835.00     10665800.00     10676765.00     10687730.00     10698695.00 
    10709660.00     10720625.00     10731590.00     10742555.00     10753520.00     10764485.00     10775450.00     10786415.00     10797380.00     10808345.00     10819310.00     10830275.00 
    10841240.00     10852205.00     10863170.00     10874135.00     10885100.00     10896065.00     10907030.00     10917995.00     11383064.00     11395185.00     11407306.00     11419427.00 
    11431548.00     11443669.00     11455790.00     11467911.00     11480032.00     11492153.00     11504274.00     11516395.00     11528516.00     11540637.00     11552758.00     11564879.00 
    11577000.00     11589121.00     11601242.00     11613363.00     11625484.00     11637605.00     11649726.00     11661847.00     11673968.00     11686089.00     11698210.00     11710331.00 
    11722452.00     11734573.00     11746694.00     11758815.00     11770936.00     11783057.00     11795178.00     11807299.00     11819420.00     11831541.00     11843662.00     11855783.00 
    11867904.00     11880025.00     11892146.00     11904267.00     11916388.00     11928509.00     11940630.00     11952751.00     11964872.00     11976993.00     11989114.00     12001235.00 
    12013356.00     12025477.00     12037598.00     12049719.00     12451208.00     12464485.00     12477762.00     12491039.00     12504316.00     12517593.00     12530870.00     12544147.00 
    12557424.00     12570701.00     12583978.00     12597255.00     12610532.00     12623809.00     12637086.00     12650363.00     12663640.00     12676917.00     12690194.00     12703471.00 
    12716748.00     12730025.00     12743302.00     12756579.00     12769856.00     12783133.00     12796410.00     12809687.00     12822964.00     12836241.00     12849518.00     12862795.00 
    12876072.00     12889349.00     12902626.00     12915903.00     12929180.00     12942457.00     12955734.00     12969011.00     12982288.00     12995565.00     13008842.00     13022119.00 
    13035396.00     13048673.00     13061950.00     13075227.00     13088504.00     13101781.00     13115058.00     13128335.00     13141612.00     13154889.00     13168166.00     13181443.00 
