      701624.00            0.00            0.00            0.00            0.00      2846531.00            0.00            0.00            0.00            0.00      5005310.00            0.00 
     1769768.00            0.00            0.00            0.00            0.00      3918143.00            0.00            0.00            0.00            0.00      6080390.00            0.00 
     2837912.00            0.00            0.00            0.00            0.00      4989755.00            0.00            0.00            0.00            0.00      7155470.00            0.00 
     3906056.00            0.00            0.00            0.00            0.00      6061367.00            0.00            0.00            0.00            0.00      8230550.00            0.00 
     4974200.00            0.00            0.00            0.00            0.00      7132979.00            0.00            0.00            0.00            0.00      9305630.00            0.00 
     6042344.00            0.00            0.00            0.00            0.00      8204591.00            0.00            0.00            0.00            0.00     10380710.00            0.00 
     7110488.00            0.00            0.00            0.00            0.00      9276203.00            0.00            0.00            0.00            0.00     11455790.00            0.00 
     8178632.00            0.00            0.00            0.00            0.00     10347815.00            0.00            0.00            0.00            0.00     12530870.00            0.00 
     9246776.00            0.00            0.00            0.00            0.00     11419427.00            0.00            0.00       704429.00            0.00            0.00            0.00 
    10314920.00            0.00            0.00            0.00            0.00     12491039.00            0.00            0.00      1778353.00            0.00            0.00            0.00 
    11383064.00            0.00            0.00       702746.00            0.00            0.00            0.00            0.00      2852277.00            0.00            0.00            0.00 
    12451208.00            0.00            0.00      1773202.00            0.00            0.00            0.00            0.00      3926201.00            0.00            0.00            0.00 
           0.00            0.00            0.00      2843658.00            0.00            0.00            0.00            0.00      5000125.00            0.00            0.00            0.00 
           0.00            0.00            0.00      3914114.00            0.00            0.00            0.00            0.00      6074049.00            0.00            0.00            0.00 
           0.00            0.00            0.00      4984570.00            0.00            0.00            0.00            0.00      7147973.00            0.00            0.00            0.00 
           0.00            0.00            0.00      6055026.00            0.00            0.00            0.00            0.00      8221897.00            0.00            0.00            0.00 
           0.00            0.00            0.00      7125482.00            0.00            0.00            0.00            0.00      9295821.00            0.00            0.00            0.00 
           0.00            0.00            0.00      8195938.00            0.00            0.00            0.00            0.00     10369745.00            0.00            0.00            0.00 
           0.00            0.00            0.00      9266394.00            0.00            0.00            0.00            0.00     11443669.00            0.00            0.00       705551.00 
           0.00            0.00            0.00     10336850.00            0.00            0.00            0.00            0.00     12517593.00            0.00            0.00      1781787.00 
           0.00            0.00            0.00     11407306.00            0.00            0.00       703868.00            0.00            0.00            0.00            0.00      2858023.00 
           0.00            0.00            0.00     12477762.00            0.00            0.00      1776636.00            0.00            0.00            0.00            0.00      3934259.00 
           0.00       702185.00            0.00            0.00            0.00            0.00      2849404.00            0.00            0.00            0.00            0.00      5010495.00 
           0.00      1771485.00            0.00            0.00            0.00            0.00      3922172.00            0.00            0.00            0.00            0.00      6086731.00 
           0.00      2840785.00            0.00            0.00            0.00            0.00      4994940.00            0.00            0.00            0.00            0.00      7162967.00 
           0.00      3910085.00            0.00            0.00            0.00            0.00      6067708.00            0.00            0.00            0.00            0.00      8239203.00 
           0.00      4979385.00            0.00            0.00            0.00            0.00      7140476.00            0.00            0.00            0.00            0.00      9315439.00 
           0.00      6048685.00            0.00            0.00            0.00            0.00      8213244.00            0.00            0.00            0.00            0.00     10391675.00 
           0.00      7117985.00            0.00            0.00            0.00            0.00      9286012.00            0.00            0.00            0.00            0.00     11467911.00 
           0.00      8187285.00            0.00            0.00            0.00            0.00     10358780.00            0.00            0.00            0.00            0.00     12544147.00 
           0.00      9256585.00            0.00            0.00            0.00            0.00     11431548.00            0.00            0.00       704990.00            0.00            0.00 
           0.00     10325885.00            0.00            0.00            0.00            0.00     12504316.00            0.00            0.00      1780070.00            0.00            0.00 
           0.00     11395185.00            0.00            0.00       703307.00            0.00            0.00            0.00            0.00      2855150.00            0.00            0.00 
           0.00     12464485.00            0.00            0.00      1774919.00            0.00            0.00            0.00            0.00      3930230.00            0.00            0.00 
           0.00            0.00            0.00            0.00            0.00            0.00            0.00            0.00            0.00            0.00            0.00            0.00 
           0.00            0.00            0.00            0.00            0.00            0.00            0.00            0.00            0.00            0.00            0.00            0.00 
           0.00            0.00            0.00            0.00            0.00            0.00            0.00            0.00            0.00            0.00            0.00            0.00 
           0.00            0.00            0.00            0.00            0.00            0.00            0.00            0.00            0.00            0.00            0.00            0.00 
           0.00            0.00            0.00            0.00            0.00            0.00            0.00            0.00            0.00            0.00            0.00            0.00 
           0.00            0.00            0.00            0.00            0.00            0.00            0.00            0.00            0.00            0.00            0.00            0.00 
           0.00            0.00            0.00            0.00            0.00            0.00            0.00            0.00            0.00            0.00            0.00            0.00 
           0.00            0.00            0.00            0.00            0.00            0.00            0.00            0.00            0.00            0.00            0.00            0.00 
           0.00            0.00            0.00            0.00            0.00            0.00            0.00            0.00            0.00            0.00            0.00            0.00 
           0.00            0.00            0.00            0.00            0.00            0.00            0.00            0.00            0.00            0.00            0.00            0.00 
           0.00            0.00            0.00            0.00            0.00            0.00            0.00            0.00            0.00            0.00            0.00            0.00 
           0.00            0.00            0.00            0.00            0.00            0.00            0.00            0.00            0.00            0.00            0.00            0.00 
           0.00            0.00            0.00            0.00            0.00            0.00            0.00            0.00            0.00            0.00            0.00            0.00 
           0.00            0.00            0.00            0.00            0.00            0.00            0.00            0.00            0.00            0.00            0.00            0.00 
           0.00            0.00            0.00            0.00            0.00            0.00            0.00            0.00            0.00            0.00            0.00            0.00 
           0.00            0.00            0.00            0.00            0.00            0.00            0.00            0.00            0.00            0.00            0.00            0.00 
           0.00            0.00            0.00            0.00            0.00            0.00            0.00            0.00            0.00            0.00            0.00            0.00 
           0.00            0.00            0.00            0.00            0.00            0.00            0.00            0.00            0.00            0.00            0.00            0.00 
           0.00            0.00            0.00            0.00            0.00            0.00            0.00            0.00            0.00            0.00            0.00            0.00 
           0.00            0.00            0.00            0.00            0.00            0.00            0.00            0.00            0.00            0.00            0.00            0.00 
           0.00            0.00            0.00            0.00            0.00            0.00            0.00            0.00            0.00            0.00            0.00            0.00 
           0.00            0.00            0.00            0.00            0.00            0.00            0.00            0.00            0.00            0.00            0.00            0.00 
